100
1.0 2.0 1239.0
15.36072 1.72709 524.32460
495.15766 1.02109 1978.01226
1.03207 3.41441 1999.68742
28.0 3.0 365.0
17.09533 1.70 2000.00
205.98854 2.45359 1735.10474
436.00000 2.00000 468.00000
325.0 2.0 511.0
197.00000 2.00000 394.00000
490.07774 1.12481 1973.63763
61.4 2.0 1.0
1.00041 3.32521 1999.87012
227.20157 3.92005 1027.40610
494.99232 1.47034 1964.30406
246.0 1.0 1562.0
300.00000 2.00000 600.00000
494.20112 1.10469 1928.99080
271.0 2.0 1141.0
148.0 3.0 1965.0
171.6 1.75630 1892.53429
461.0 1.0 1515.0
57.00113 1.79819 27.08447
244.07730 3.7749 924.10412
492.30868 1.36530 1967.15199
490.83695 1.45721 1982.99424
464.0 2.0 709.0
126.2103 1.00 114.5
128.16267 3.477 1850.7
495.55716 1.41881 1927.90191
495.98247 1.38952 1986.00120
411.00000 1.00000 460.00000
359.86723 1.66759 787.54108
200.56402 3.25064 1156.80869
497.87077 1.49858 1929.66212
142.432 1.8690 1172.0
495.64531 1.01851 1916.57982
474.00000 3.00000 499.00000
333.79342 3.32853 85.53077
490.61471 1.09226 1979.88550
491.65779 1.13549 1959.15526
492.52757 1.04799 1925.13190
75.01 1.66180 911.59433
494.63439 1.40136 1916.83700
490.21737 1.15854 1916.21554
122.26118 1.12315 1668.20044
495.24666 1.25761 1991.20302
34.00000 2.00000 68.00000
490.51948 1.43086 1908.35232
494.62545 1.42734 1973.98970
496.88388 1.30972 1985.37039
494.99312 1.48283 1961.56130
490.15277 1.18684 1947.94994
1.01405 3.37568 1999.23331
1.17755 3.94756 3.09369
488.90344 2.15432 769.44427
370.21166 3.08 537.32802
419.41451 2.60805 994.32678
494.62037 1.20310 1926.69585
277.919 3.09184 1136.0
263.0 3.0 1322.0
27.39 2.31 1460.24
496.04029 1.04598 1903.92397
361.83298 2.02014 1410.96112
142.0 3.0 934.0
497.78134 1.22013 1951.29908
1.00717 3.91693 1999.56754
482.5 1.0 1866.0948
259.0 1.0 1927.0
492.16726 1.29384 1935.41227
185.10212 3.71957 359.85393
128.17234 1.22668 1273.04645
439.99473 1.89657 580.82677
490.49114 1.39525 1945.35613
114.00000 2.00000 228.00000
500.000 3.4 304.010
18.67592 2.17891 920.43769
457.12422 3.13408 1344.65180
494.25074 1.07379 1940.22305
64.34915 1.34023 1745.56066
27.41 2.0 1414.98356
298.12229 3.80489 1486.63122
496.31813 1.41050 1960.71622
163.9 4.0000 59.0
474.00000 2.00000 510.00000
298.0 3.0 986.0
487.02627 2.10380 146.29022
281.0 3.0 187.0
496.85268 1.37158 1932.89636
191.76301 3.79571 208.75783
78.0 2.9 302.3604
492.58778 1.35046 1963.98910
498.98663 1.22331 1981.37303
498.13426 1.30390 1900.04810
493.59286 1.09580 1970.73741
35.84 2.6 402.682
498.61620 1.28022 1929.01750
265.0 3.87 1079.6
494.90184 1.33611 1907.84194
307.0 2.0 1811.0
